153
5000
2147483647
339
2370
1963
111
7877
6093
1659
4623
1805
4885
5361
2762
8623
3350
1243
1808
1595
2154
4030
9036
5334
1065
1855
2941
96
9174
2272
7549
6792
4657
9368
4456
6324
4988
3435
3888
2288
1433
5598
598
9767
7113
1207
5470
1543
7431
3607
7616
9048
3884
2718
4533
8971
2290
1484
4743
5516
696
1232
5916
7564
8189
6184
4409
9191
7301
4989
6299
9027
597
3785
9805
4052
7393
8722
8059
8246
4885
6161
9709
3754
7081
9408
7681
1060
1888
8804
5448
4608
7550
9878
3468
8572
4604
7175
8754
9617
8200
6344
1464
6129
9616
6250
2609
8900
1873
1103
377
9722
2308
2547
9836
6749
9272
8242
4105
5844
4496
5162
2393
9418
2691
4486
5982
5849
8358
6398
6861
1108
7946
1504
2066
1503
4284
3917
9332
9968
2857
9717
564
5681
8345
6494
2320
4092
3125
1856
5010
8867
1685
3134
8491
7487
8983
6882
7906
3368
8138
9492
2378
9378
268
7882
6523
4369
3508
878
4644
5654
8873
5051
6081
6484
2373
5842
3063
8868
8410
7552
8629
2585
6898
5920
2159
5640
1596
7090
4475
3739
6440
2839
9754
6990
7967
1525
6415
4860
583
3632
5484
