153   ||   220 284
5000   ||   5020 5564
0   ||   BRAK
339   ||   1184 1210
2370   ||   2620 2924
1963   ||   2620 2924
111   ||   220 284
7877   ||   10744 10856
6093   ||   6232 6368
1659   ||   2620 2924
4623   ||   5020 5564
1805   ||   2620 2924
4885   ||   5020 5564
5361   ||   6232 6368
2762   ||   5020 5564
8623   ||   10744 10856
3350   ||   5020 5564
1243   ||   2620 2924
1808   ||   2620 2924
1595   ||   2620 2924
2154   ||   2620 2924
4030   ||   5020 5564
9036   ||   10744 10856
5334   ||   6232 6368
1065   ||   1184 1210
1855   ||   2620 2924
2941   ||   5020 5564
96   ||   220 284
9174   ||   10744 10856
2272   ||   2620 2924
7549   ||   10744 10856
6792   ||   10744 10856
4657   ||   5020 5564
9368   ||   10744 10856
4456   ||   5020 5564
6324   ||   10744 10856
4988   ||   5020 5564
3435   ||   5020 5564
3888   ||   5020 5564
2288   ||   2620 2924
1433   ||   2620 2924
5598   ||   6232 6368
598   ||   1184 1210
9767   ||   10744 10856
7113   ||   10744 10856
1207   ||   2620 2924
5470   ||   6232 6368
1543   ||   2620 2924
7431   ||   10744 10856
3607   ||   5020 5564
7616   ||   10744 10856
9048   ||   10744 10856
3884   ||   5020 5564
2718   ||   5020 5564
4533   ||   5020 5564
8971   ||   10744 10856
2290   ||   2620 2924
1484   ||   2620 2924
4743   ||   5020 5564
5516   ||   6232 6368
696   ||   1184 1210
1232   ||   2620 2924
5916   ||   6232 6368
7564   ||   10744 10856
8189   ||   10744 10856
6184   ||   6232 6368
4409   ||   5020 5564
9191   ||   10744 10856
7301   ||   10744 10856
4989   ||   5020 5564
6299   ||   10744 10856
9027   ||   10744 10856
597   ||   1184 1210
3785   ||   5020 5564
9805   ||   10744 10856
4052   ||   5020 5564
7393   ||   10744 10856
8722   ||   10744 10856
8059   ||   10744 10856
8246   ||   10744 10856
4885   ||   5020 5564
6161   ||   6232 6368
9709   ||   10744 10856
3754   ||   5020 5564
7081   ||   10744 10856
9408   ||   10744 10856
7681   ||   10744 10856
1060   ||   1184 1210
1888   ||   2620 2924
8804   ||   10744 10856
5448   ||   6232 6368
4608   ||   5020 5564
7550   ||   10744 10856
9878   ||   10744 10856
3468   ||   5020 5564
8572   ||   10744 10856
4604   ||   5020 5564
7175   ||   10744 10856
8754   ||   10744 10856
9617   ||   10744 10856
8200   ||   10744 10856
6344   ||   10744 10856
1464   ||   2620 2924
6129   ||   6232 6368
9616   ||   10744 10856
6250   ||   10744 10856
2609   ||   2620 2924
8900   ||   10744 10856
1873   ||   2620 2924
1103   ||   1184 1210
377   ||   1184 1210
9722   ||   10744 10856
2308   ||   2620 2924
2547   ||   2620 2924
9836   ||   10744 10856
6749   ||   10744 10856
9272   ||   10744 10856
8242   ||   10744 10856
4105   ||   5020 5564
5844   ||   6232 6368
4496   ||   5020 5564
5162   ||   6232 6368
2393   ||   2620 2924
9418   ||   10744 10856
2691   ||   5020 5564
4486   ||   5020 5564
5982   ||   6232 6368
5849   ||   6232 6368
8358   ||   10744 10856
6398   ||   10744 10856
6861   ||   10744 10856
1108   ||   1184 1210
7946   ||   10744 10856
1504   ||   2620 2924
2066   ||   2620 2924
1503   ||   2620 2924
4284   ||   5020 5564
3917   ||   5020 5564
9332   ||   10744 10856
9968   ||   10744 10856
2857   ||   5020 5564
9717   ||   10744 10856
564   ||   1184 1210
5681   ||   6232 6368
8345   ||   10744 10856
6494   ||   10744 10856
2320   ||   2620 2924
4092   ||   5020 5564
3125   ||   5020 5564
1856   ||   2620 2924
5010   ||   5020 5564
8867   ||   10744 10856
1685   ||   2620 2924
3134   ||   5020 5564
8491   ||   10744 10856
7487   ||   10744 10856
8983   ||   10744 10856
6882   ||   10744 10856
7906   ||   10744 10856
3368   ||   5020 5564
8138   ||   10744 10856
9492   ||   10744 10856
2378   ||   2620 2924
9378   ||   10744 10856
268   ||   1184 1210
7882   ||   10744 10856
6523   ||   10744 10856
4369   ||   5020 5564
3508   ||   5020 5564
878   ||   1184 1210
4644   ||   5020 5564
5654   ||   6232 6368
8873   ||   10744 10856
5051   ||   6232 6368
6081   ||   6232 6368
6484   ||   10744 10856
2373   ||   2620 2924
5842   ||   6232 6368
3063   ||   5020 5564
8868   ||   10744 10856
8410   ||   10744 10856
7552   ||   10744 10856
8629   ||   10744 10856
2585   ||   2620 2924
6898   ||   10744 10856
5920   ||   6232 6368
2159   ||   2620 2924
5640   ||   6232 6368
1596   ||   2620 2924
7090   ||   10744 10856
4475   ||   5020 5564
3739   ||   5020 5564
6440   ||   10744 10856
2839   ||   5020 5564
9754   ||   10744 10856
6990   ||   10744 10856
7967   ||   10744 10856
1525   ||   2620 2924
6415   ||   10744 10856
4860   ||   5020 5564
583   ||   1184 1210
3632   ||   5020 5564
5484   ||   6232 6368
